6.50931385184071e-10
2.38898895632139e-06
2.05138891684124e-08
7.71722418143968e-07
3.43588516433967e-07
5.23000190912209e-06
1.27407287871289e-05
1.84036296336957e-09
2.45973459624312e-05
4.3074996811604e-06
1.48839863972795e-06
4.39209075251566e-06
3.11809864020441e-06
1.33310999091971e-05
2.4495083570345e-09
0.000789431083714309
5.52830665603837e-10
8.05347331897952e-10
2.21816015439953e-05
0.00171696889223639
2.67155084098077e-09
0.0144060997080213
5.70950101540344e-06
1.14152237799835e-08
1.41845765143642e-05
0.000166180979371557
3.85342433820149e-07
2.65140779106473e-07
3.0689907696553e-07
1.36240991988652e-06
0.00292002208568126
2.72519120292027e-08
0.00116772083444322
1.0094711880711e-08
1.6264264313067e-07
1.16487327626629e-07
0.000371708619094944
1.79994063904666e-06
6.02400997161058e-07
0.00684379323540968
0.000294774697067409
0.000284746710613029
2.33954835947437e-06
1.99531125055167e-09
0.000935267773636021
4.49887583847866e-10
0.000297291716670697
9.10307262302008e-08
3.74491206445652e-05
7.01170588103711e-06
0.00144752073041253
3.67456789274996e-09
4.36576672757553e-05
0.000110697761141267
0.000360884510366142
8.75714347658184e-05
2.5446458155701e-08
0.00447647960910355
1.14761606348614e-07
0.000478868403823885
1.26675038802875e-08
6.3813800683879e-08
0.000143974829189899
2.1206924498852e-08
8.65669992091356e-07
1.25609085267218e-06
8.25479897717651e-08
0.00848088035119804
1.98763298572348e-07
2.61066942020338e-06
4.22701700499971e-07
2.09338867639608e-05
4.84779739827887e-05
1.63813782217902e-05
8.16154416513065e-05
0.00994480467599081
7.17870268226198e-05
9.87662981052157e-06
1.80733982046706e-09
1.13247034058366e-07
2.13448661402336e-06
9.50679363548461e-06
5.88569234937606e-06
0.00785435267607898
0.00274003096192544
3.77605773951545e-09
0.00028837654716982
1.46592477409379e-07
8.26941812667028e-05
1.9500348756908e-06
5.36508678456865e-07
9.12119960975943e-09
3.73211617650794e-06
4.72635665939222e-10
8.97762393749372e-09
6.51367319316517e-08
9.1908202392225e-05
0.0015668673976411
4.23879215477792e-10
4.44851488843177e-05
4.48033592810901e-06
3.21500762737174e-06
6.69787265707276e-10
3.43279409983076e-06
1.31719855097208e-06
0.00253768346696883
7.0041635253976e-09
8.05355632430071e-07
3.128782200357e-05
7.16726409017504e-07
4.48159308015785e-10
1.41078001665668e-07
4.00203629384534e-10
1.44337109994398e-07
0.000387996562307749
5.39786445778133e-08
1.11304898081648e-09
2.08963519585475e-05
1.03248736522507e-05
5.71210294465171e-07
0.0035673642835659
2.22864708388807e-06
0.000169358340187034
8.66270117981858e-09
0.00513263395444688
5.11738730679111e-06
0.0012198735759911
4.64707165052367e-05
1.78825735893012e-09
0.000361701685775235
8.08317098645041e-05
1.70530928046153e-09
3.01486303848141e-05
1.36895474378671e-09
3.43285838494987e-08
3.18398412956874e-06
3.35195518378543e-09
2.49972146026997e-05
3.9557021325308e-08
9.60545929654295e-05
1.72510548661874e-07
5.02428088819076e-09
1.74412987699386e-06
8.91046692799829e-05
4.08760793591791e-08
0.00179608488628583
0.0154964878631295
4.79150272077821e-08
4.99959129976208e-05
0.000218286073609664
0.00534433769728575
2.69979635578124e-06
4.14587380405894e-08
2.01121191649682e-05
1.82370522396367e-06
0.00236579406767149
1.01853166447455e-09
2.87340921667326e-06
1.96586130015747e-07
1.64360826185734e-07
0.000683379412930461
0.0115452044963599
1.69903571532482e-06
2.18058157961086e-06
2.86593715915108e-07
1.70367335189326e-07
0.00207579194763582
6.31516895285175e-10
4.23869948604126e-09
1.19941857126842e-06
3.00618296020138e-08
6.29776745886462e-09
1.53459851367138e-05
0.00052919979177457
0.00748927384991899
3.85858636616341e-08
0.00285458166907676
1.76410311131167e-07
7.64669749478508e-08
2.07363984700993e-09
0.00375942488431193
2.76071826057175e-07
5.99601470904779e-09
0.0021554536522445
1.78031196888576e-09
0.00058094622133178
1.18047858258391e-07
6.36848308752859e-09
0.000679998052414729
0.000134345815105758
1.04446022862901e-06
7.17915766190669e-08
0.00437502493866943
0.00189983336385112
0.00484810408872977
0.00705429438831977
2.11673000889142e-06
1.28042104454221e-07
3.97054207433937e-08
8.19553469957699e-08
2.10957031833025e-09
2.35839897004755e-08
1.0466068303788e-07
4.10589261026389e-07
0.000165010460419426
6.22729968052784e-10
1.55203245450785e-06
0.000531807769645791
0.000148210867786239
3.59335481505976e-05
9.42296467731438e-09
0.000332629175734716
2.6879024649712e-08
1.44078028232925e-05
0.0004806405415727
1.97797153493334e-08
3.62180540331589e-07
8.00805400004481e-08
2.37020837588761e-05
2.8795075521919e-07
6.06747407651676e-09
8.60379886422252e-10
0.000240557290087007
1.02876306000614e-06
1.40996100273457e-09
1.28511989561312e-08
0.0141687573264428
6.86976395955444e-09
9.93164532832449e-10
0.000737869607987272
2.10876349911481e-09
8.24469252023539e-09
9.97691671454947e-09
3.68917514884913e-07
1.66660272298178e-08
4.13364064375563e-07
2.26433751092745e-07
4.00624521794043e-09
0.00282176583021023
0.000715189820965409
0.000975360733454911
5.49278546703628e-05
1.90620646987807e-05
0.00689337404304162
2.62507657072725e-06
1.92984672862001e-05
1.13737300242633e-06
0.0112828603409658
2.17717055101199e-08
8.52075919992874e-05
0.0148399845259525
0.000333393211575228
0.0032405228197383
0.00153780099942503
1.56214272614604e-07
1.81628446764661e-08
1.08996421539921e-07
2.36094816962483e-05
1.88690481517824e-05
0.00321735131449053
4.98157863588583e-06
1.31428573297245e-07
1.66758691415584e-08
0.0100051474708713
1.12954181816362e-05
2.22844145881614e-06
6.13587923524862e-09
0.00115625964280392
0.000492620524190825
2.61182746878727e-09
4.14465754803983e-07
8.24742586721037e-10
8.24860778995941e-10
7.85946003275085e-08
0.00476481454861951
3.89602317962851e-09
0.00193994878222445
0.00110777196491505
6.30835230743306e-10
6.06543473424594e-08
5.20404916809743e-09
1.36088553182344e-07
8.0555886790386e-06
0.00275158447933077
2.57498572398477e-08
0.0163022373902614
1.39298204097806e-05
1.94792863982447e-08
2.77569271997237e-05
2.13694955702995e-06
0.000909893369227989
1.58536537554551e-06
0.00144953522673672
2.96768499421409e-08
1.49484738984692e-05
3.71999169528803e-09
9.06269709265261e-05
0.000140328949052986
0.00166011691188549
7.36937309632605e-09
1.40324012668774e-08
7.00352505443928e-10
1.00127047892624e-06
0.000905368711872882
0.00736524646016349
2.792178409632e-06
3.97394853036359e-06
1.37533771743966e-05
0.00187521314184516
0.000268309501310553
4.79103794119139e-08
2.07096336563907e-08
5.38661964853487e-06
3.1271273461664e-08
0.000237339147853492
1.3623062511822e-08
6.6197353868649e-05
1.10157622830294e-05
3.10543464604257e-06
9.63397950464747e-08
8.42537491553495e-06
4.1426060848944e-09
3.87617360399861e-10
4.24196342075232e-07
5.08114678032854e-05
2.54841017445952e-07
1.85871133751368e-06
7.10904862967071e-07
0.0197088668564119
1.07785797705871e-07
0.00723796520207902
2.36963295069529e-07
1.80766689925241e-08
2.85943970185432e-05
8.70093402041963e-10
1.50987913716308e-06
5.47861488987109e-06
0.0140017453367517
0.00110181766514001
0.00017249368766905
1.28875846233967e-07
5.90777980996805e-09
1.23011630047843e-05
5.93090036673338e-05
3.25824873357478e-06
1.83253191417079e-08
1.72872728294535e-07
9.4326236078539e-05
3.93546608534009e-06
5.13262487761408e-06
0.0138394894434609
7.80354871714755e-09
6.97996998142289e-10
5.18105670410538e-07
0.010718292255106
3.85566735021829e-06
5.88408417076149e-09
7.49596501390912e-06
4.61461029018496e-08
2.5198897987514e-08
1.27153513155999e-07
1.83005377515158e-07
1.53510827251751e-07
2.37046212259139e-05
8.54621822515984e-06
0.0012165078374412
6.43973614364191e-08
3.88476291133618e-09
3.25103962003646e-09
8.41301847003573e-10
0.000738483469173018
0.000112176222866222
3.13774538707727e-07
6.31036194253937e-07
1.20508319051276e-09
0.0121563370328034
0.000111895919083663
5.29899015336324e-08
4.76425226146954e-06
8.82898610326554e-06
2.34921432606304e-08
5.97173672205629e-06
3.15293835122285e-06
1.84780472650359e-07
3.15207161189572e-05
1.8138021906507e-09
9.6709101080563e-06
2.35487632386784e-05
8.29190292077411e-07
0.000584080364282908
2.52276764589254e-06
2.65362071702225e-07
4.60330172139231e-05
3.09043855183884e-08
0.0139958060497504
0.000701554175530437
2.70771688927183e-07
0.000633735097796441
1.71831483199587e-09
1.10441397346366e-09
9.13607031202124e-05
0.00349130729384885
0.000249882726086758
0.00154015824002774
3.68608325452202e-07
1.32214632997028e-05
7.1968125555264e-07
0.00091980818728024
3.03128282181828e-09
1.42524439097512e-07
3.95428894579164e-05
0.00159888766988476
9.48206541801421e-10
5.79340650336956e-07
0.000182803639748336
3.13896762823177e-07
6.72483231711632e-05
4.09245673441593e-10
1.27460914614664e-05
1.49260454059941e-05
0.000233327866330822
0.00228866322873248
7.45532599132061e-09
1.43676267689941e-08
0.000262823073702711
1.07298427267534e-07
8.17591351139044e-10
0.00839973168679711
2.36173509086252e-09
1.0077123844152e-06
1.2708420485269e-07
0.000958445816128569
1.68831404983541e-06
0.000132970909837225
2.07784988510133e-09
4.65053497994175e-09
6.86352621312716e-06
1.29525748178864e-06
1.91312468751386e-06
4.95183258331754e-05
6.12965836273057e-07
2.40001922667624e-07
0.000662006670112815
3.37179440538922e-05
6.79601335622585e-08
4.12707284418455e-09
1.24932310507902e-05
6.70274013705594e-05
3.32589537152989e-09
0.0167305239008436
1.63424818572869e-05
8.75334858911796e-05
1.90011958996256e-06
0.000120899333329398
0.000388920783834174
3.69944975746453e-05
1.27066193306386e-07
5.44589516851414e-08
0.0042403535946384
4.95562290212127e-06
0.00151907390113396
1.9428045025488e-06
1.01180853140777e-05
5.71815809664033e-07
1.01594457101648e-06
2.16711782459074e-06
5.40835925040273e-06
2.42940602541902e-06
8.79026147195051e-09
2.27979452840037e-06
0.00157921431414372
2.08249833518571e-08
4.61244714080678e-06
1.41381413585748e-08
1.69669999954699e-07
3.33229810689707e-05
1.08056653192812e-07
0.00280992214102436
9.71966468353512e-10
6.50688610341909e-05
9.57834315300156e-09
1.37146238277301e-08
1.07512100821745e-06
3.05729842078093e-07
3.08968402452258e-08
1.73045403004353e-05
2.25817677384161e-08
0.0129821167927887
1.86232811111439e-07
4.08149276182177e-09
2.81898068170053e-08
5.17293287165527e-06
0.000101488607648147
7.1988306129593e-07
0.00736903078756717
1.41911882771066e-05
5.48565696512095e-07
0.00511902203412228
0.000211390013407898
4.73823169316051e-07
6.51018007329734e-06
7.71158784343146e-08
0.0145428511691029
1.41495558251709e-06
5.64127381501216e-06
4.2446299317456e-08
0.00244078746887215
1.24872190264648e-08
5.81921224338023e-05
5.85792864629582e-08
1.64210815280205e-05
4.73374573359545e-09
0.000280822301848264
3.34784128644443e-05
1.24981574249587e-05
4.38540327930153e-09
0.000831275467113724
4.0868565576969e-05
6.13791489276158e-09
1.29543013403129e-05
1.32328163608204e-08
4.57526718511599e-09
3.91460543907342e-09
0.00340605570940054
1.4360814552346e-06
1.09451712522353e-07
2.76947295305775e-05
0.000109497686156073
1.37834608461437e-09
4.75889900699579e-05
2.7474817473277e-06
0.000188112724695299
3.37802755013345e-07
6.95992413031952e-10
0.0020382902435715
3.2204017302041e-09
1.35778761099242e-06
5.69438657288046e-07
0.000201629205496731
6.15866412995312e-08
7.14333880436269e-08
8.62344835570592e-07
0.000488781447584872
1.14122521074161e-06
0.0160376561973248
0.00277539337984699
6.40632669046071e-05
1.66298999832253e-08
0.000505695420992519
6.82405624693514e-08
7.31818487165762e-06
0.00659655050703307
5.04490603602713e-08
5.51756127522038e-09
3.28427860230204e-06
1.57622992696336e-05
0.00068694264852539
1.45217632969359e-05
0.00951655545580937
0.0141954715788317
3.57696244225083e-09
0.00124818054900648
1.91517832945801e-07
1.45726317949192e-06
6.924030741349e-06
0.000244229253564017
1.80045947766477e-06
2.94492268136929e-08
0.0140550143043355
8.42894680523656e-10
0.000141227252941943
2.75886046050355e-08
4.16960590478408e-05
3.09977536861288e-05
4.33936966697358e-08
0.000674475820433375
4.79912256434293e-08
4.5173120746312e-07
0.000121857452162578
7.10765123181982e-06
0.000116199357606084
2.22231351536427e-08
2.34916394474872e-06
0.000282822119135169
7.18373448758837e-07
0.000242737261705618
1.34356512447919e-08
0.00979213886087985
0.00282142240724928
4.10360508067103e-05
2.33614691725474e-06
6.55129967736132e-07
7.80333196274255e-08
3.84680405273041e-05
0.0004153790626018
9.63185198194346e-06
4.13678856375817e-07
1.18061335991606e-08
1.92884628977772e-06
1.90093234240431e-07
2.57156608637513e-09
3.68021836726941e-09
2.59638216706444e-09
5.45451030546959e-08
0.00768473024894231
1.13041055684615e-05
3.10550804158309e-09
1.40692983029092e-09
0.000270395161807076
0.00206163861274689
9.76707103524497e-05
3.52735566041825e-06
7.83264192697089e-07
0.00037811524358338
0.0130828783898201
4.00929751135261e-06
2.55949707738897e-05
2.59760538735524e-06
2.96393529798196e-06
7.43148002297711e-06
2.98920178413812e-06
1.67095046243403e-05
2.76093625308849e-05
7.30453654731469e-05
4.23710858651081e-09
3.4501758848383e-08
5.17875784817229e-09
9.26675098985124e-10
8.45009027124329e-06
7.33938436391067e-10
2.09293964435929e-05
6.96157617161907e-07
4.69194423186862e-07
0.00249632907340202
5.44175541325697e-10
1.19020287078937e-06
0.000160307828017475
8.06027703714378e-08
4.52786052292607e-09
3.1958593089533e-07
6.0687601299964e-09
6.87315863056949e-08
6.94467360555431e-08
1.99727038051278e-09
7.48194764912431e-06
0.000121145689632165
7.35104148027545e-08
2.90386683623047e-08
9.6545526688783e-08
3.70392321446369e-08
5.89735895365345e-06
2.82862280291579e-09
4.20928062947424e-09
3.84913350227349e-06
3.79491186635516e-08
1.75739329084122e-06
1.92858310784011e-07
0.000215705431267244
4.77666333940079e-08
4.03959482932602e-08
0.00193889755401271
2.26379368253529e-06
3.34260545904586e-09
7.72724926760772e-07
0.00130898738810546
4.64481268407869e-05
1.52990015920333e-06
0.00367585723922463
3.08679769135928e-06
7.15637420741923e-07
1.31067678181141e-08
0.00725510347225164
3.8995263135729e-09
0.0037916057010452
6.67361432760049e-06
0.00020128513826586
3.92540700686695e-05
2.16240553854324e-07
3.07217144526323e-08
1.00150069950747e-08
1.10229863604859e-05
6.37756287631487e-10
8.25176249972181e-07
0.000176464676602083
1.83681746198163e-05
0.00708720110555294
0.0148186265746718
7.20340165949663e-07
0.000264788274243526
4.61570439031208e-10
8.86106130420804e-07
5.4011679443989e-08
1.49728593981575e-06
1.63316003841093e-05
0.00147346431152645
1.94498126769418e-09
7.55214175412648e-09
7.18728626014979e-10
0.000282395822489959
1.22463900062974e-05
8.05442212267119e-08
9.15467466596348e-08
0.000194890070581234
7.81679677995691e-06
1.72155575752373e-05
9.31427438588957e-08
5.13523706363992e-08
3.35781695103049e-06
1.32760090633822e-07
0.00372930040876166
0.0172467753513336
0.00407633914762071
1.95315664094054e-05
1.43404889385246e-06
4.44768054271621e-08
1.16977763304398e-08
1.52616544933882e-06
7.19195199330796e-10
0.00428282008140657
1.25144208678681e-09
3.49927866611171e-06
1.07143185061231e-08
1.58265390015954e-08
1.86991134228235e-08
0.000507714201798675
1.28686524704834e-06
1.05160564626173e-06
1.2924396529243e-08
1.22816209699337e-07
3.47858268768296e-06
4.78462930370734e-10
1.39819230085706e-06
2.57665518440135e-07
5.40673203318276e-05
0.000398676228490823
1.78643221670323e-09
1.8981347849383e-08
0.014137321314814
0.000332516854537604
3.24932304226122e-09
8.36102772692283e-06
0.00346898551567721
0.000138781791479587
5.24896099282105e-08
7.39161418151375e-08
0.00586283067294908
1.22164400768753e-07
5.85653645892878e-05
1.66131456561511e-06
0.000203505911536463
2.03943766998353e-07
9.33282033012265e-05
0.00254514184762775
1.15815220463168e-07
0.000106662445237987
3.40380062412172e-09
1.66834294047294e-06
2.20176301977717e-09
0.000141359310966127
0.00339469074859787
2.42057448902033e-05
2.16338647962719e-06
9.05858514299163e-07
0.00299522612095911
0.000845832574155731
5.36867556941409e-06
2.23243600155269e-09
9.77445477360725e-09
6.34000833408175e-06
5.36861692837584e-08
4.78527922210256e-06
7.53499401734879e-09
0.000321090256197867
1.51939019224025e-08
1.0870715627648e-07
9.43521333015932e-06
5.49468478162095e-06
9.80421723977432e-06
0.016875256234912
2.67866673520461e-08
0.000407642588669637
0.0116573725941158
2.70421651703664e-05
5.3891048100917e-06
1.22159401363883e-09
2.09289906711546e-08
3.39381592493486e-08
3.63541137502518e-06
8.8877184787544e-05
5.47683349721842e-07
3.00650454319368e-07
3.86267774145523e-10
0.00129573598865966
1.09496793160092e-09
0.0029681827887309
1.31976018671474e-06
2.07778307251236e-05
1.74383214534279e-09
2.36411764314401e-09
1.55113791853169e-07
0.000145654718664024
0.000117936130689735
6.2085143634346e-06
0.00286413609121492
4.43416208134125e-06
0.00174906357333956
3.11177829653898e-09
0.0134418036458674
2.02889960373047e-05
6.56963789390511e-05
3.54875662504643e-08
0.000111619153995202
1.08810250623769e-06
1.67167099336334e-05
2.62609520031758e-06
4.66493942570746e-10
8.03083092786176e-08
0.0027376571976041
8.44869758730094e-08
0.0161743953376744
0.000354597374870609
2.21946785348722e-06
1.06482734202594e-05
4.71152812072453e-07
1.22989674941464e-05
0.0077815398822426
0.00357771784424325
3.46762411851555e-08
0.000212211198996608
1.27942627259067e-07
0.000724119026125971
9.10006966226585e-09
4.30506271127167e-07
5.98457208544573e-08
0.000202174157667425
2.00021214757413e-09
1.28870783328319e-05
2.87412064755209e-08
0.00268982489795988
1.21390222873578e-09
2.08338741169019e-06
3.07073440095641e-09
0.00256836741307717
2.51876861141195e-09
2.31583205775217e-07
0.000145016087085818
2.84555906568944e-07
1.14920719154053e-07
1.66527540852506e-06
8.82530848440842e-05
1.50722232902543e-06
1.6936610873941e-05
0.0120678575061383
4.61881378220502e-07
2.67343209282844e-06
1.411547833526e-09
6.98029320905927e-05
9.82305327934392e-10
0.00038783218130644
0.00242157520963114
1.92765891587637e-05
0.00443428128576128
1.47573998426193e-06
0.000117833552691077
6.41184974770236e-07
0.000555002246995251
4.99842690578629e-09
0.000204003923408096
0.000219601483453139
1.11597324770849e-09
5.38216238078085e-10
3.05232519626617e-06
1.69694339625807e-08
8.5582045204081e-07
1.20471378736871e-06
3.2387752363847e-08
3.57550610826349e-05
2.15745969185147e-06
1.80663792129522e-07
2.48717996330098e-07
1.8714485279314e-09
3.3424783589895e-08
2.94494999196596e-09
5.76681341247745e-06
2.89379378428567e-07
2.33584018705773e-05
1.76773169055455e-09
0.000762765552203127
1.86775304971672e-09
0.0075911611132105
0.000109912376130327
8.17526475638422e-07
8.4864650028366e-07
0.00844459080220479
1.7213236838541e-07
0.00398425613270938
0.000135254978293359
3.46287193439849e-07
3.67003017262051e-06
0.0023979514869793
4.10475104341339e-08
0.00321961667980625
3.40098279922417e-05
4.59380868113805e-05
1.38407252339497e-06
0.00195948611262013
1.35962668068351e-06
2.03176294043323e-05
8.23176845157643e-06
7.03949669068712e-06
0.00629924515696059
6.35900762125816e-07
0.0015082149674881
0.00294524129878645
0.0106579348553721
5.03513379313161e-06
0.000401869152956786
0.000651149549635835
0.00951475038403035
6.48045966775158e-08
0.0165656854790687
0.00547456314756749
0.000258360165917932
0.00048844496351914
0.00775836347189138
1.23231341194987e-05
2.32034772792947e-08
1.99124994013978e-06
0.000390003662280522
2.9329912287775e-06
1.14460166073021e-06
0.00526480237150868
0.00998287110793103
2.76655631980252e-07
0.000168523091290613
4.52708384091525e-06
7.68773474993324e-06
6.31071753279367e-06
9.57913450633722e-06
8.44978575294767e-07
0.00117810565814672
0.0112454800149776
3.3326372590823e-09
0.00787585509983286
6.3591384220988e-08
6.58412777814426e-06
0.00099723153396868
8.81681761591391e-08
7.13330464640535e-06
6.86333668028099e-10
0.00124978680147809
0.00217511472791109
0.000188963375808908
0.00401187510081514
9.89521499274147e-10
0.018353273808911
9.46727663126065e-08
0.00252211808170398
0.00103186211611263
8.12580541074568e-09
5.06666532023191e-09
1.35636719806835e-09
2.33854616382602e-06
0.00121540250604832
0.0039319747000803
0.00112673867972308
0.00235769227985684
5.53096683738963e-06
2.66024919681281e-05
1.05090820874585e-07
6.80834745401557e-10
9.04718092011533e-06
0.013757631194398
4.85326674598832e-06
0.000274810712858291
0.00889188122232022
0.000478943365622338
0.00398250815085245
5.81260863719497e-10
3.40051525219195e-07
0.00481688244977871
6.79685768332283e-09
9.56317762405051e-09
3.41117640870312e-08
8.56192663463066e-09
2.75030136451443e-07
8.7421380298938e-08
2.74765831652505e-09
8.4737591643551e-05
3.9666124499955e-05
7.06697360527918e-07
3.28721757689478e-08
6.25759659540979e-09
7.26176174771384e-08
0.00342934352941651
0.000117016328569093
2.02880495984251e-07
2.31550285715799e-07
3.16272105394262e-08
2.8305829768083e-06
